Id dokumentu: 1780 Wagi kolejnych topicow: 0.010447337067167942 0.003870647693784766 0.029935642468367767 0.0016661649446064453 0.01786522087379735 0.003587171243079192 0.6640408325724073 0.03800470164536815 0.008267454603316684 0.022427673031654716 0.004241966893399276 0.026034588861928838 0.08947078852375569 0.003342572473761408 0.010349085002075119 0.037808196431963634 0.009588642911588344 0.007300164940660799 0.004752726107751414 0.0069984217095650425 
Id dokumentu: 1550 Wagi kolejnych topicow: 0.07285828102465666 0.1813718691399084 0.18098027294596766 0.002632055262202534 0.007446009775790675 0.0014781155795589344 0.008005246984002378 0.21833652969636938 0.008623780306097475 0.005480473094338217 0.004537638045912461 0.08778728034400551 0.007155758989430047 0.0063642406805666345 0.18811581499141516 0.002118725146017753 0.0038005473120383887 0.005613747700952565 0.0020383888176198853 0.005255224163149189 
Id dokumentu: 1310 Wagi kolejnych topicow: 0.0037545418109081667 0.003211687758524273 0.07541281033937829 0.0017244118185361695 0.0025552431496997734 0.0015162245305532856 0.007118602694776413 0.005779075157601604 0.006756688839430751 0.002644349591839504 0.00275338812815068 0.8529226847563144 0.002838555144536574 0.0022097535756048837 0.006113048221584624 0.003982300704591761 0.006056048826770516 0.004250891505888177 0.0023930320798681176 0.006006661365442067 
Id dokumentu: 1670 Wagi kolejnych topicow: 0.0016845563571451492 0.009251722847937613 0.0031679306140296733 0.0022887672848704525 0.006547585066699424 0.001684388800603644 0.0019704474161726113 0.21583671780802732 0.02042716605041034 0.005663729258601765 0.009206073270886201 0.002281593073531754 0.0012513282648912783 0.38712809583875124 0.006833871525784524 0.31396084322476214 0.001193643097558278 0.005778516086782136 0.001623861701584639 0.002219162410969994 
Id dokumentu: 2180 Wagi kolejnych topicow: 0.006453995359352709 0.06041439385392907 0.169334339926406 0.07778310520287275 0.01646247634715198 0.02118830330292194 0.00865015798692231 0.003713603814962124 0.01313385733929067 0.01452967056007352 0.008706335268222645 0.011900332187444086 0.34432434149294455 0.011174465119486351 0.005165949483430962 0.011480642210034085 0.16555405934456463 0.011460931621873695 0.011327002939832593 0.027242036638283448 
Id dokumentu: 2790 Wagi kolejnych topicow: 0.006199699490320869 0.0031435112695391634 0.0031294997112108805 0.04197410348831783 0.0070530294084681 0.004227420335803362 0.8903222512615612 0.0032602877551602383 0.0028523106558311405 0.002392698487882702 0.005055419825754636 0.00438320939290384 0.003598785269268154 0.0028646727871039926 0.0026463841749340303 0.00685277976033772 0.002096211145905116 0.0025625853355174476 0.0032531811600923412 0.0021319592840874195 
Id dokumentu: 2070 Wagi kolejnych topicow: 0.003383977904347718 0.02498460133776633 0.00614612743021972 0.007058023396499565 0.0012339481742578043 0.005697718116123248 0.0035766128419627632 0.004134051447764194 0.0019098605851053175 0.024912512317939308 0.00219173706322972 0.017131570528053044 0.0021906303717548863 0.002930598598247207 0.8514523050162582 0.004052571814571167 0.0026213218556438685 0.006249781668734272 0.011098119527778042 0.01704393000374371 
Id dokumentu: 3140 Wagi kolejnych topicow: 0.006719829748126096 0.018846461672094417 0.03707348089246876 0.002120292032170666 0.008053475365321585 0.025138660396702425 0.005678777074938841 0.012328075059348551 0.06196112425691992 0.018255733412325576 0.008945423805595749 0.012734654538351271 0.005773523346890925 0.03835420469010094 0.017731527544813396 0.03409583101030977 0.65319354698357 0.00525525758347901 0.0065825064564234165 0.021157614130048567 
Id dokumentu: 120 Wagi kolejnych topicow: 0.004338081962123128 0.005535503230540639 0.0019578178483479307 0.04957780143834342 0.05890462024057305 0.006435993506245984 0.003780486752945706 0.0016809024851811476 0.8266430646860262 0.0027787766012905986 0.0026609672364066236 0.004421677485079978 0.003471071030799824 0.007141277172762646 0.0019601995059682622 0.004470138817497508 0.003503032928383041 0.0065777951763039315 0.0016587528897281558 0.002502039005452421 
Id dokumentu: 1710 Wagi kolejnych topicow: 9.185928714045975E-4 0.0018501773166540582 0.002607185464721644 0.004653385301103847 0.051545724784803765 9.37804608431099E-4 0.001332745744297351 6.58093555102831E-4 8.5990874416368E-4 5.984768231710067E-4 6.527108868495408E-4 0.9051364581676841 0.00230975099087018 6.819071363717164E-4 6.681911425564014E-4 7.324179850535722E-4 8.577323411090524E-4 0.021593792759044703 5.475099167677975E-4 8.574334598390057E-4 
Id dokumentu: 360 Wagi kolejnych topicow: 0.005578402990893937 0.014273671472348055 0.003400110595792452 0.010650461911454535 0.20357896204068457 0.018547894282080504 0.009780563452535833 0.007681056927551433 0.005350820910828194 0.0030589720389015314 0.5636078461998018 0.014711368356960334 0.0035878089093207216 0.0057132364390566895 0.0021716322517506053 0.010499091427869372 0.002580952058371473 0.09632581193801863 0.004178707046338495 0.014722628749440725 
Id dokumentu: 3380 Wagi kolejnych topicow: 0.005389656447508346 0.01357620975381937 0.005448649690928328 0.003148860389506685 0.00715178261294767 0.16489581114649446 0.00883695667834717 0.012432652657378623 0.026799483216711717 0.012797912862670374 0.0025721764291649772 0.018798915115326678 0.0245481960121077 0.006376730069958783 0.003997440780943939 0.6271986232805689 0.00627107979103481 0.007403992056220374 0.030733630598857295 0.011621240409503724 
Id dokumentu: 3930 Wagi kolejnych topicow: 0.0045620896356047425 0.0028940671870578737 0.023756904653761946 0.3467794924611957 0.0029387340016005206 0.027026759622145177 0.004876052840010528 0.0038062176850722582 0.0038026898513719275 0.0020757567499066374 0.001676066615660962 0.010932601801409031 0.002888123877968296 0.001458774492737124 0.006861056421754468 0.5115419565857816 0.002994435957742002 0.03078806066874535 0.004438292485016159 0.003901866405457841 
Id dokumentu: 3220 Wagi kolejnych topicow: 0.003408075390927623 0.005256725535309999 0.0034696525289409728 0.5275062831076881 0.00229356330216368 0.0018396807404684348 0.4185586067826928 0.0017007742554272563 0.005290780991053574 0.0034231484619523926 0.0017480390715817122 0.0021236052108773644 0.0018038021293100902 0.010215973988568144 0.0016701080152903443 0.0025512764036825526 0.0017075783444712956 0.0024119622474676286 0.001585119540501963 0.0014352439516240856 
Id dokumentu: 3810 Wagi kolejnych topicow: 0.41621617996073534 0.011377028090365433 0.006856884862610421 0.07466565625340715 0.0026478633419344264 0.0017415172146596864 0.007975822730641973 0.005891588686292414 0.10386348765846037 0.03903473765668752 0.008715020953476421 0.0032219043124045083 0.003945359065360281 0.027102705234906193 0.12047950922142112 0.020801841881334097 0.05140168040731011 0.00885560223083804 0.07961312725205237 0.005592482985102001 
Id dokumentu: 3360 Wagi kolejnych topicow: 0.002873237329148922 0.002843950628635523 0.003936231512261143 0.49520903969571084 0.0033885883621113163 0.0022954609087720928 0.0038491276099905563 0.0021742528265708797 0.004752245743789461 0.0021601458686830322 0.0014592334686973144 0.003234607804742726 0.0021175251613168174 0.45212981021643545 0.002722321146721519 0.0030023056382146715 0.0024069349397720418 0.003926070678526848 0.0025669593423119285 0.0029519511175868183 
Id dokumentu: 4120 Wagi kolejnych topicow: 0.6682098366183198 0.01386454295266123 0.004631543610759363 0.009224769693788855 0.006106989091000756 0.03786139953361012 0.05211048227776304 0.005182163558620848 0.009403045311015018 0.0268067294630409 0.013168728844744048 0.021665786004550335 0.0075494020588747855 0.019057493943119796 0.0074794859212987935 0.05494944078678363 0.007279370718326534 0.017063976788273975 0.013325717067220756 0.005059095756227455 
Id dokumentu: 3090 Wagi kolejnych topicow: 5.746179494875911E-4 7.457644460679878E-4 4.897565592991459E-4 3.795663989429064E-4 0.4252959373598649 5.083124800496925E-4 6.767692609162086E-4 4.7740916464155927E-4 5.864831356674515E-4 0.5655508815357252 4.1985109719553716E-4 8.625692491709249E-4 8.105112851078964E-4 4.3999746023568666E-4 3.683590297971889E-4 5.032123762087742E-4 2.8296867990988613E-4 4.5832418474778356E-4 2.520506928455072E-4 3.1665765411829157E-4 
Id dokumentu: 1870 Wagi kolejnych topicow: 0.0014578984152506548 0.001979454428835406 0.002870445592247585 4.6702073044469844E-4 0.00437395976904118 0.001021283737575476 0.0017263439533534578 0.0013516476889244553 0.006684226116911314 0.0012027475911559088 0.0012510190311113918 0.0050676715374772625 0.006844455270874717 0.002178596347131209 0.0023257291311735255 0.0016495662724225588 0.0011609027419243083 0.0011652135349798005 9.524915940627682E-4 0.9542693265151023 
Id dokumentu: 2710 Wagi kolejnych topicow: 0.02194222356619582 0.025146824157461774 0.14016169184342978 0.0024278038736804475 0.02221084093667816 0.02495337509728513 0.11582012132551583 0.01110391949017184 0.06031377271680238 0.019134319051739842 0.13061664414772825 0.04646121706980765 0.03563294199287878 0.022147516682541335 0.03367885861757306 0.003320240655229898 0.2352430130976938 0.020117717233339705 0.010564442168692385 0.019002516275554004 
Id dokumentu: 3010 Wagi kolejnych topicow: 0.006138318671428998 0.004018747895523918 0.007906810633835777 0.0020730727323581234 0.15920227538457912 0.006267988292400709 0.02381496749718518 0.00878012054830721 0.0031270257977102094 0.006549082115949317 0.006360920257372826 0.09423136657404964 0.014687700236308474 0.002820732269753632 0.047310703136648875 0.011612399516791234 0.006565164039736709 0.004954324878169957 0.004055003089039766 0.5795232764328504 
Id dokumentu: 2290 Wagi kolejnych topicow: 0.006423490372162571 0.0030138939150231602 0.021100862599364733 0.0011691984787825728 0.2051797819000705 0.005895623334472156 0.03219890673184894 0.0029952684781295704 0.002610859152231607 0.0027722233226467182 0.006602791377267935 0.1667871583388012 0.5056050810416901 0.018954565326003557 0.0032216106144484827 0.001990108438080565 0.002216114599753958 0.004517024126904821 0.0024160434613959515 0.0043293943909207796 
Id dokumentu: 560 Wagi kolejnych topicow: 0.7109724017526805 0.004807805537056091 0.0028825711500337814 0.012243837252020457 0.1072581203178666 0.004215162419412433 0.00669422463147881 0.004409923525506325 0.004645401079781871 0.005390020097762952 0.0030172025073218213 0.004933747534476079 0.0028254111772354714 0.004601906517689906 0.005003828185566196 0.0854951736667013 0.006270473582776974 0.015588948635879257 0.0040671488576073675 0.004676691571146013 
Id dokumentu: 210 Wagi kolejnych topicow: 0.9255259318535428 0.0016948518023760636 0.003371127837906576 0.030573359223702495 0.006801869780060762 0.0010560000322822035 0.0010931410670224995 0.0019427595706145173 0.003384430717497117 0.0010349634843057217 0.0016400988728017157 0.0025873219870261345 0.0010596526559124944 0.005537917236279287 0.0011826276655351787 0.006043235522288856 0.0013595002005789268 0.0021021463048962424 0.0010243314669884248 9.847327183818587E-4 
Id dokumentu: 1530 Wagi kolejnych topicow: 0.03557548606909646 0.025362572260700197 0.006315241303760864 0.03209889399752697 0.03307959505313988 0.022929475209244998 0.010700041043289043 0.006649545623380518 0.015828301311629746 0.007793464339106385 0.02441922253727101 0.009143506726642634 0.6482184454919478 0.04313956606804201 0.014508921216394358 0.01318098275589866 0.006542931653627689 0.021837439246100016 0.005881471430425699 0.016794896662775095 
Id dokumentu: 580 Wagi kolejnych topicow: 0.022664430923917143 0.02449856100951815 0.007109232854774693 0.0033860050348220303 0.002458266256469372 0.0054553863411937855 0.41991063418597185 0.014166371648015907 0.007007144294248851 0.006319677764039923 0.029305752931624622 0.028015718673638414 0.025556142202955635 0.1909528954878113 0.1516912143591842 0.035784491213910016 0.0019422942022423429 0.014502952993453389 0.004368158498866747 0.004904669123341641 
Id dokumentu: 2250 Wagi kolejnych topicow: 0.0029452037419891485 0.004714440607668089 0.004495358329016529 0.004964802069762596 0.0017887263056779524 0.0019977154392454843 0.004356138345660581 0.0015398666719897067 0.0033468708270082 0.0025843189218888473 0.0017325608696841914 0.9373485725419549 0.0031024806885367965 0.0018364148726648208 0.0065352938326979 0.003178288926949439 0.003654137807527844 0.0036205933864925134 0.0034404840405979882 0.002817731772986591 
Id dokumentu: 2420 Wagi kolejnych topicow: 0.007820193787380922 0.059336148834014564 0.04010142971722922 0.02442958799505578 0.002676480666263155 0.0021580128057385227 0.0037384452309908826 0.002965429877832862 0.003804353464557482 0.0023482501976513697 0.004445107918212847 0.5692503614325768 0.010784098115819539 0.0010178706149230761 0.1414692812041479 0.0037091351023910797 0.01768799468613247 0.0032408195603335203 0.09475852027325567 0.004258478515492414 
Id dokumentu: 1340 Wagi kolejnych topicow: 0.0021722488577479043 0.0048052348513312835 0.003552956756591849 0.029735104409054795 0.0073843691305583185 0.003340616250169961 0.0022845744028525956 0.005513579804695902 0.568220261337582 0.003466996798786697 0.05834006258897433 0.0025743855217584322 0.002747170501181695 0.03687212529637169 0.0066446689832982435 0.02478865837302638 0.007934196955427261 0.0030103564309883857 0.006954588444032158 0.2196578443055699 
Id dokumentu: 3340 Wagi kolejnych topicow: 7.14451359880357E-4 7.229131447553706E-4 0.0010533753544038765 0.008400606878161633 4.873023986920646E-4 5.865947661541195E-4 5.972425727278768E-4 0.9779594492079434 7.374653342254582E-4 8.82185486344275E-4 4.4354172930219463E-4 0.0010809797423494976 8.115708309742376E-4 4.813752582094191E-4 9.769340132380461E-4 6.124294288917719E-4 5.682323066793753E-4 0.0016636326595143396 5.039053149169386E-4 7.158122126355973E-4 
Id dokumentu: 2780 Wagi kolejnych topicow: 0.4064973677815605 0.003571984120328722 0.013452543765005247 0.0017877848510825882 0.12041227566292949 0.002689222835497072 0.02945063126255088 0.003985786963286943 0.0761257273782565 0.0033335156466173317 0.0060251671904789795 0.04673949534827585 0.005270856420268384 0.0039646644530238456 0.00548718766031499 0.2569020044160411 0.0034779292508582836 0.0023162327035525995 0.003090220496166926 0.005419401793903787 
Id dokumentu: 910 Wagi kolejnych topicow: 0.0024900009554463106 0.009242201208681263 0.006442696884697175 0.0020360816688439047 0.002018791828859748 0.0015085305860824177 0.0040297329308202935 0.004560479792351787 0.009287638267886447 0.002783143283065107 0.003102564601359518 0.005310473069533973 0.0036291085909641867 0.0034431566374994236 0.21297682400662254 0.0031857379992250587 0.02525258209800603 0.007034831445142632 0.0023650866796376506 0.6893003374652746 
Id dokumentu: 2760 Wagi kolejnych topicow: 0.0019176036429386207 0.00927830662236171 0.012007373011434161 0.0015021467829856717 0.4817354942628148 0.002584920964459543 0.0058501745288031745 0.010493977174362406 0.12305933003149536 0.3103020844892757 0.0020171084355213604 0.016301205536526992 0.004452540684317932 0.004368586309810597 0.0027368678550916663 0.003917390265676128 0.0014233418734877319 0.003629636331336599 9.30198472992116E-4 0.0014917127243075112 
Id dokumentu: 4130 Wagi kolejnych topicow: 0.008180656868220827 0.0032998747763029563 0.002490410661717041 0.952073491340218 0.0019677563648668388 0.0016057805812034049 0.001722588258135585 0.0012962186276085897 0.0021045946293632503 0.0012742833070984471 0.0011306011872173006 0.004244997384350377 0.004662925051407661 0.001266204299854355 0.0016622725241178622 0.0015820994673338893 0.001324888973181771 0.00652828401834734 6.859620841648828E-4 8.961095952896371E-4 
Id dokumentu: 2490 Wagi kolejnych topicow: 0.0013956492862346255 0.0010554371871933272 0.0010549850954228897 0.001727119970756365 0.0024854760021692252 0.9776153755001238 0.0012516747589692455 0.0012087190715039798 8.840864833370487E-4 8.650931414017884E-4 8.495846516370228E-4 0.00184281899753461 0.0014809559180718043 8.15529182626496E-4 9.497522055796469E-4 6.873548570833937E-4 5.646078624472926E-4 0.0014588989146565143 7.884378931936412E-4 0.001018443020057515 
Id dokumentu: 190 Wagi kolejnych topicow: 0.0023252085599180434 0.009156048012928618 0.033037550453739586 0.014501033645553092 0.0011150336403907785 0.0012488172850400852 0.002277159250614331 0.0035613192756704113 0.002334295106463891 0.0014114968851163601 0.0016066834624335654 0.027059070410122767 0.0019091390916976439 0.0018910516310985848 0.12480458921241404 0.0013305112334382073 0.0014340510519967498 0.7366078649471337 0.002275600893082408 0.030113475951147408 
Id dokumentu: 2640 Wagi kolejnych topicow: 0.004513587550696545 0.14664263156967444 0.00967723801377368 0.0017078492535627563 0.014406095322125457 0.0025767091777210874 0.01269620145325698 0.006042625253620546 0.03378046623791931 0.03050522294240277 0.0022884367834249643 0.013667658074192693 0.046825445119786646 0.6435987849698316 0.003195648849929261 0.005782112106021946 0.002687390202957953 0.006054456697766543 0.002701320926800363 0.010650119494534403 
Id dokumentu: 2380 Wagi kolejnych topicow: 0.010636523890124 0.029665638641870398 0.013550392060919451 0.018425153948325956 0.007155724938741711 0.006268598110359404 0.008396964939309548 0.0614479466712262 0.03576859260606747 0.026365116326629363 0.00945428017015115 0.06121344566864344 0.008628267240292649 0.09818889783874386 0.413826057525348 0.1351646572058586 0.004545826262420891 0.03191298889035524 0.01011622616683278 0.009268700897779748 
Id dokumentu: 3460 Wagi kolejnych topicow: 0.031578247612686135 0.005111825335571564 0.0047216465523702055 7.4046987983891E-4 0.4901166838171775 0.004763345133762031 0.012906393133331919 0.0022437368797374535 0.4010764614969277 0.0017930866619135695 0.004612334736751176 0.022883901311667634 0.004964761787720397 0.0021662981884663732 0.001969514102348526 0.001677341238422737 9.130292391851461E-4 0.001739214603102612 0.0011374176100016067 0.0028842906790165824 
Id dokumentu: 2430 Wagi kolejnych topicow: 5.62565231674096E-4 0.0010347580031675222 5.758346605613703E-4 3.471068155064001E-4 9.430661117114232E-4 5.145744032233178E-4 4.2200626447026144E-4 7.200884401678072E-4 0.0020994575899875288 7.505743690579143E-4 4.7320588569317877E-4 7.987297168698028E-4 8.774330962371144E-4 0.9861184827963965 7.306159229437589E-4 8.263843229855235E-4 4.767995432700598E-4 6.918184747031997E-4 4.5216264420112396E-4 5.84335707172111E-4 
Id dokumentu: 1860 Wagi kolejnych topicow: 0.018220602818863275 0.0076259585952893625 0.009055364513537187 0.007252028688565535 0.0054564543515974685 0.008382870892445765 0.006928346607125679 0.008223233510325318 0.008615276042447264 0.01331634686684734 0.5196850758150041 0.00260050339751115 0.004689097669344854 0.006280403960562778 0.008495625379534865 0.33007410073604326 0.016141828551022343 0.0077148927656953276 0.008311984270212758 0.0029300045680243853 
Id dokumentu: 1980 Wagi kolejnych topicow: 0.0035133200820505897 3.721399694510922E-4 0.08490959282083821 9.542681376645833E-5 7.991480802702155E-4 4.6776680293612795E-4 0.0024161026063777534 8.401936781462856E-4 0.002266746294131342 0.0010168712098132943 0.016602216682438376 0.8690109256713363 0.00733182715591619 0.0031618734748355957 6.107232526583078E-4 0.002692036912604153 4.758425698552823E-4 0.0015637968572010195 0.0015825548967532633 2.708941686201743E-4 
Id dokumentu: 2500 Wagi kolejnych topicow: 0.002690987013460995 0.0019082125676212643 0.0185905905200995 0.9319948215072208 0.0028896621210795677 0.0030417130416274933 0.002205314217368594 0.0019424464116810246 0.002407524528892184 0.0020655051667830176 0.0027397024393255695 0.0058246308332618275 0.0025040804569286326 0.0037411551571949345 0.0029412722534155533 0.0033532677709657535 0.002196748146504463 0.0036045270427599698 0.0016425244473370466 0.0017153143564718005 
Id dokumentu: 2870 Wagi kolejnych topicow: 0.0017503283305413525 0.0033439216281789265 0.0016133634937295599 8.355178091025041E-4 0.0018349596840498753 0.0012305574124143338 0.0023590376382985503 0.0015901075568550242 0.9489170259752531 0.004252809031703136 0.0018020833867826525 0.005380091024435026 0.011122279909823906 0.003638493880408457 0.002506821221400002 0.0025141904660690583 0.0010760400744647027 0.0021491769385917742 0.001078869799081807 0.0010043247388162857 
Id dokumentu: 2580 Wagi kolejnych topicow: 0.0021917386608622134 0.0017652442141737 0.0022438140385604194 0.007264729573097764 0.002819965715118377 0.005602462561311903 0.001957646128586866 0.0017563179115497954 0.001975220930208619 0.9451566358297091 0.0045707185124488165 0.002376421919581089 0.001708965882558799 0.0010920993381130168 0.0028322636823097666 0.006061882611786451 0.0018592472559224838 0.002982908918263967 0.001253169376412514 0.0025285469394243972 
Id dokumentu: 1090 Wagi kolejnych topicow: 0.008415947831362989 0.8396372981088644 0.011110526879579958 0.0041424802036920194 0.001966679392529957 0.002333481774825096 0.003082962656816937 0.004718119621625868 0.0025190390843130893 0.004576511632729219 0.0021875264468828363 0.004431329408783178 0.0082733452597951 0.006151501030418831 0.0044852368521707655 0.04022359350280487 0.0022570112355812773 0.0038420569827553354 0.04405779105136232 0.0015875610431056516 
Id dokumentu: 1960 Wagi kolejnych topicow: 0.03703020274517999 0.011290593393668466 0.16584187663105304 0.03809843967432545 0.38900214335789296 0.013417868892419334 0.011959827625238076 0.023109195574583873 0.028150936433624436 0.015703069163731972 0.021320917471591875 0.021970330714606034 0.009603371786806557 0.02602906044681613 0.04529593254572011 0.05067612279865687 0.01861899698797714 0.03350120826509553 0.007882280071291593 0.03149762541972039 
Id dokumentu: 970 Wagi kolejnych topicow: 0.01736804428094357 0.7175797457794699 0.017146936585746377 0.011001199790714232 0.006034273313510645 0.004029080058244747 0.0030644020536693788 0.0022830100966707277 0.03509326072373598 0.0030129496670744608 0.11481718549542676 0.010759545633834366 0.005625221135952164 0.005669699411683311 0.01846754891701374 0.005438542860224364 0.005389946381476368 0.005684680893385552 0.005061310462989577 0.006473416458233775 
Id dokumentu: 2590 Wagi kolejnych topicow: 0.0025423567278436846 0.0031771064670507248 0.0030694469358126405 0.004597566971780323 0.0022311844709839513 0.0023221899763099818 0.0027957555302993856 0.001358491090116826 0.0023421691475113927 0.02810123487914805 0.9218810917603742 0.0027090183277679197 0.002184052291804388 0.0013978916538873944 0.0021657342457325544 0.009555349456573414 0.0017174560758744912 0.0020348710615477224 0.001437775375796235 0.002379257553784389 
Id dokumentu: 3430 Wagi kolejnych topicow: 0.013630719236840531 0.006481918694954294 0.06818671407257698 0.14155990320236506 0.009059523590376472 0.0396524595925983 0.030571812595111308 0.01087847247377121 0.027342963701760255 0.008782052218274642 0.008121476854181913 0.04038975980622201 0.008637488388210768 0.04823463570420642 0.508283963519964 0.0074145193529675515 0.004093773964000465 0.009448265552004951 0.0033229881408104577 0.0059065893388024196 
Id dokumentu: 1360 Wagi kolejnych topicow: 0.0032845703924591877 0.008030720187567838 0.00429359113420866 0.0028068782803073265 0.0043718307419876295 0.0016397757949206421 0.0026792269245025824 0.9113903270395285 0.00791469912870998 0.004369533654718312 0.0023610815667197862 0.008995934355942044 0.0023661819963165668 0.011433434122749053 0.0036700944519267686 0.007855451900887735 0.001881787316709767 0.006097723808394626 0.002057913630860615 0.0024992435705823465 
Id dokumentu: 800 Wagi kolejnych topicow: 0.004163300487920425 0.03729656475645317 0.007839730039505862 0.0020662171581113447 0.5961530257861197 0.08832196969237073 0.014344017903112396 0.028211515309368627 0.030348355223224446 0.015861972602093457 0.002481742121163434 0.03091612463227274 0.01506423336243613 0.006879089592609666 0.0051516068985506345 0.07024518034029753 0.002466668543406004 0.028419735876017455 0.007148356445342127 0.006620593229624329 
Id dokumentu: 2190 Wagi kolejnych topicow: 0.0018555478735109534 0.0014226465333209046 0.0019127291201378688 0.004345612832660138 0.0014240510777105246 0.0018000169475265587 0.0013016889898637251 0.0011498930734862678 0.0013453860666881067 0.002536773068395502 0.0015106685111854253 0.0017290172483264018 0.0014513410174728778 0.0020737406691375853 0.0011992788597460012 0.001541141989627907 0.0019272240821602313 0.0018135573193107457 0.9663441067589619 0.001315577960770309 
Id dokumentu: 2530 Wagi kolejnych topicow: 0.002883994626047317 0.004714294067863602 0.005084076499320033 5.985166313758256E-4 0.002216999939143618 0.0025310696742330712 0.0017973016103947671 0.005803450963259347 0.0370206198494927 0.0016928327349428796 0.0012782175827842314 0.008980238359170152 0.0036408971514020456 0.8924254487264409 0.0070145635736946635 0.0015540980747444047 0.0012672818766868343 0.001848017110021452 0.00528487896335203 0.01236320198563023 
Id dokumentu: 3240 Wagi kolejnych topicow: 0.06993312024696677 0.48090986613393644 0.028618530978525954 0.023932023597795095 0.009426520075182262 0.02652712504331039 0.004511674939887645 0.005136839132101025 0.010496264768694164 0.01999950842627677 0.19647077176618938 0.0034782342043676285 0.009446798759157507 0.026004515202393035 0.003677878968232007 0.045068534137664144 0.004800572038694626 0.023170690327782822 0.0023014297682250905 0.006089101484617272 
Id dokumentu: 2330 Wagi kolejnych topicow: 9.607520763488706E-4 0.003165983120237762 0.0010327735454400146 0.01634489824284964 5.614304439068665E-4 0.001119772925475219 8.411280382417724E-4 9.342228099640689E-4 0.0010578490214430746 0.004908127079210754 8.451020812682473E-4 0.0010606361726960244 6.332905481418194E-4 8.589821657868889E-4 0.9601643899540903 0.0015355678901234043 0.0012182450923317013 0.0013840417109139418 7.895766209345698E-4 5.832304605952496E-4 
Id dokumentu: 1970 Wagi kolejnych topicow: 0.004413976239559576 0.06441571507815143 0.0035101426881095563 0.0045756442390059125 0.03877932569310925 0.010183260742175553 0.004948095939536188 0.0038154450655004707 0.04164229210372889 0.016944292530720533 0.007522881852520773 0.26201245343754037 0.005680652963769461 0.057421980719190385 0.2788016302532526 0.13866422595500208 0.005103432265455188 0.021598143657114294 0.003965699228110173 0.02600070934844733 
Id dokumentu: 4060 Wagi kolejnych topicow: 0.001565692166777935 0.0018039927688763538 0.0011025539299914337 0.0020696631664981267 0.002471702972960058 0.0014574068731220118 0.0011307687545710147 0.0015887051642653176 0.0017223886729587836 0.0012961902439789959 0.0012075196922860026 0.0010644198970819008 0.001362259242679936 0.970800303252339 0.0015691970096353152 0.002108160191733652 9.619562062256862E-4 0.0018733851253293526 0.0011162321285768178 0.0017275025401122402 
Id dokumentu: 1020 Wagi kolejnych topicow: 0.012017438483992315 0.09823892035437756 0.1654036996580456 0.001630579433296169 0.011334113005294657 0.0031284902261346724 0.015095089888949389 0.006598329554933571 0.012600615507424296 0.45780236877375785 0.003934931907612387 0.11421635912430629 0.006581533631214236 0.005837589801012754 0.01768998107347375 0.004690408167500943 0.0038473961002668034 0.05010006978031207 0.004484988222128442 0.004767097305966332 
Id dokumentu: 470 Wagi kolejnych topicow: 0.008034961411129872 0.6651978341705287 0.005413077350291563 0.003990510741139432 0.003439746797343853 0.0026189818838567927 0.004235118368948586 0.00340063781260225 0.04111662818767972 0.006775915591458739 0.12083183735993117 0.007264381884431915 0.005889136415375062 0.07175614368718028 0.004246170659661438 0.01635399819357868 0.004472181295211621 0.006387367043603232 0.003537752399625199 0.015037618746421986 
Id dokumentu: 1100 Wagi kolejnych topicow: 0.035967048226006874 0.5982483971213014 0.2932730295300302 0.0011329200674977393 0.00279495927012861 0.003114690392768729 0.0060291920479121205 0.0036954984887156666 0.004379991052004268 0.0021189336705999973 0.0027124797883232164 0.01893540355366496 0.0049110772299306524 0.0023071753837990766 0.006101037931433167 0.00451484643291077 0.00208480498958892 0.004199354023319874 0.0016004937928881273 0.0018786670071756209 
Id dokumentu: 400 Wagi kolejnych topicow: 0.0028345886070301057 0.002554306585184377 0.012645676026232011 0.0020859657020516624 4.688995874696757E-4 7.368158312360586E-4 0.004397651382432751 0.003754641945076347 6.91769279218721E-4 3.6369828858971996E-4 0.007849815750042347 0.29154853553218285 0.6506082258588816 0.0010795477288974853 0.002270237891116038 0.0010021053570632651 4.5438850184148505E-4 0.005144842730488141 0.00803464355869312 0.00147364385627227 
Id dokumentu: 2020 Wagi kolejnych topicow: 0.0017249720099947916 0.0015997697286645805 0.0034013621386738296 0.0012702892246130991 0.9492631055380515 6.625357294180484E-4 0.0014463547038393258 7.9153855512937E-4 0.0015401385793221037 6.70333620858247E-4 8.738249035653136E-4 0.0031367894502691653 0.001634626836785691 0.0014457604295452149 9.345054601217654E-4 0.014510285645828784 8.153872122369346E-4 0.012638860163970105 4.768076583719134E-4 0.00116275241074014 
Id dokumentu: 1200 Wagi kolejnych topicow: 0.016888678198173388 0.22196522651258446 0.020682273712890286 0.0020358522853852704 0.017467493995915448 0.0018807913536503542 0.004711756215358418 0.32345783619238355 0.0063304637187892 0.006160391613772155 0.007588042103701857 0.07790286312697425 0.010614408454797008 0.005715637229283057 0.10190826228054072 0.006121252519520182 0.006099796394534382 0.15032802666463574 0.00382796097012633 0.008312986456983865 
Id dokumentu: 2770 Wagi kolejnych topicow: 0.013431770475264922 0.004128634760303169 0.0017241769455042428 0.006768341855586521 0.0012352842048155637 8.032351297359387E-4 0.0010386594000284975 9.787691557774179E-4 9.097613894647043E-4 0.9464279557857944 0.0047550196966163 0.0016868497378744254 0.003505130812361662 0.004017558960881702 0.002237428876888184 0.0011506245056476846 0.003054342633989519 9.375781814218464E-4 5.220137169764674E-4 6.868637750668187E-4 
Id dokumentu: 890 Wagi kolejnych topicow: 0.002750692005390386 0.004664576525498398 0.007498599670064062 0.0021253380949818232 9.143054231030761E-4 0.0010383352264780531 0.001744680316596168 0.0012938254945748854 0.01207385801563435 0.0013246093958576206 0.001476865987502683 0.9069052163386491 0.0014133775403211107 0.0019010579057074002 0.007341803121864498 0.016593162340032084 8.868085084245548E-4 0.004300558099163901 0.004268004077119249 0.01948432591303665 
Id dokumentu: 750 Wagi kolejnych topicow: 0.005052530138108782 0.008417980559394666 0.004845684793409444 0.0033839251347481357 0.07803163903175951 0.007524042695251021 0.20721409861899182 0.007007820459560324 0.006345339658260973 0.00700203657315346 0.006079126889582674 0.009205123699244136 0.02290398664519545 0.008670455419349044 0.008327219123377921 0.02985907046796692 0.0016714074365797318 0.03250303636151071 0.5422390225223358 0.003716453772219428 
Id dokumentu: 640 Wagi kolejnych topicow: 0.007317062815256897 0.04325499622590659 0.005994047007261536 0.0292766282659827 0.005401324499974639 0.014972197768586661 0.013956024237622487 0.012830288059095292 0.006159472788379823 0.009960759329329529 0.009761572669544008 0.008819060743925014 0.01280498677216292 0.00798035172310805 0.021572483956341638 0.004980317580829262 0.004653937134572459 0.018593496304092703 0.005402736113281944 0.7563082560047458 
Id dokumentu: 4010 Wagi kolejnych topicow: 0.008788595493393662 0.008283657990404307 0.005449713398345166 0.002760071305545222 0.005256077995267989 0.003463628863339702 0.003755925090332698 0.009031135155236207 0.00788735335549345 0.8584210241913081 0.0035245719952077185 0.02124177876334068 0.006143901585565521 0.006214973349932885 0.006887965621081883 0.0062615800174462815 0.006236519318996607 0.017701788974884836 0.0073127494667096235 0.005376988068167593 
Id dokumentu: 2310 Wagi kolejnych topicow: 0.005316726205538657 0.038390255589430655 0.0045033913303829665 0.0015526438391997486 0.0028472847829132757 0.003132714274780182 0.0019685805738733214 0.002841933375655371 0.003613346251782858 0.009120241660500255 0.0034502022325627398 0.011743590303278945 0.011087297564404545 0.0027254379731629316 0.8743107330399656 0.0035502660482695995 0.004089561434931245 0.0033030644515400177 0.003173877599194502 0.009278851468632773 
Id dokumentu: 1600 Wagi kolejnych topicow: 0.012562650969997256 0.029641468975889002 0.022067361986369917 0.009519405923145648 0.011213533177789387 0.29420351416787827 0.03440229979204914 0.016780566109335104 0.011803309699435688 0.008178429216142001 0.1039135469147364 0.014913499876003393 0.03220995974632868 0.015997208245321384 0.19473065421926902 0.007042154791068399 0.013644120595151436 0.11029562926033393 0.008026553502286734 0.04885413283146919 
Id dokumentu: 2100 Wagi kolejnych topicow: 0.005600896302907499 0.002527714743089134 0.008701225701053495 9.818824132123824E-4 0.005089932083449204 0.010287298696499693 0.008415546341174066 0.008916919626457402 0.8904526680709859 0.003675328722880142 0.005273169006248309 0.004894527847359139 0.0038503943567677304 0.0027842334948919192 0.0030247438309261685 0.0033921317505328855 0.005165747803366832 0.002948531080644698 0.018900869728322993 0.005116238399230613 
Id dokumentu: 630 Wagi kolejnych topicow: 0.0011886969798117512 0.010455818850960369 0.001313027488017455 0.006583248106942917 0.0013505389906379164 7.819785590951114E-4 9.296886895375652E-4 0.0011659574026120884 0.004615272129808918 0.0029124846489885963 0.0014211252778368868 0.0019043423608739746 0.0011573691608152256 0.015240282034951595 0.0015339542680156398 0.009865746500403123 9.294548942203613E-4 0.002190574723667648 9.311404885870402E-4 0.9335292984442158 
Id dokumentu: 760 Wagi kolejnych topicow: 0.002594227832752079 0.0872026218824511 0.1300355153754464 0.013589512572233642 0.009943169456801928 0.0011820639472208908 0.021153369672434547 0.0017770479604865132 0.00259095382448838 0.0025494110406768804 0.0065646923795863715 0.038556308954566 0.0043419630588912754 0.002208252158588223 0.6406616269053855 0.003788998063600336 0.006258453061033958 0.001891938806148861 0.007599378724764678 0.015510494322442442 
Id dokumentu: 270 Wagi kolejnych topicow: 0.0016683349569053146 0.0033808439617925936 0.002713979972020596 0.27056965580110837 0.6878722416477707 0.0018767148389498716 0.0017163022135304215 0.001435398752952923 0.002230034088868178 0.0013693108490916495 0.0014908258490824065 0.002360145641725407 0.0010282515944235585 0.00845362297028151 0.00245735318945965 0.002334596404575496 0.0013825672380430305 0.0029807284723917774 0.00139665188496565 0.001282439672060717 
Id dokumentu: 90 Wagi kolejnych topicow: 0.004236973508810882 0.004030657423854773 0.003576164527230697 0.014193063272303517 0.003347788315916392 0.0036920658636536096 0.003877405800994238 0.002173162922144734 0.003650613793751553 0.003972384799755479 0.0025363242789650025 0.00366074622770032 0.0039978162957208735 0.006503931596400333 0.9236715539427162 0.0029067758450701192 0.0021996528337527876 0.0035629162476771294 0.002532980506657482 0.001677021996924049 
Id dokumentu: 1440 Wagi kolejnych topicow: 0.1940461350927541 0.04722096175561525 0.01716943057256146 0.003190419274625223 0.01137535103678919 0.005912808954247805 0.02705906679060578 0.009105846042632997 0.07225148578537276 0.03827960770049025 0.008514762193711426 0.06960983747067098 0.21222660085834463 0.00723493186265158 0.16826870093770244 0.010289985849219009 0.0058168698023900785 0.07928431290561665 0.006227383672492408 0.006915501441505979 
Id dokumentu: 3800 Wagi kolejnych topicow: 0.006390141840221314 0.006092775970157018 0.04869365783994411 0.01728528040401622 0.004786530567156263 0.004127438694978062 0.006837337396565045 0.017690599758920865 0.12653538183193022 0.0024221299453651714 0.013700424670336032 0.005176990768195673 0.005119397768355314 0.011899423957029486 0.35818923389308766 0.01240887523204985 0.3318884699954929 0.008042413507345471 0.0035502796013353673 0.009163216357517982 
Id dokumentu: 1990 Wagi kolejnych topicow: 0.0012812094727958298 0.010238498531480254 0.010165036865517769 6.275082350840004E-4 8.050014794980732E-4 9.075563250708072E-4 0.0014547568100953215 0.0013295577846818437 0.0011999424355871734 7.958613541223113E-4 6.099791149042922E-4 0.1989232330537777 0.0013557362678183061 9.754639397238192E-4 0.764548886388731 9.519450072719327E-4 8.510950054195207E-4 9.050608613808399E-4 0.0010355791071937465 0.0010380919598453864 
Id dokumentu: 250 Wagi kolejnych topicow: 0.00123626428691207 0.0015199507911643469 0.002726980693608979 0.4037465236114919 0.0022002171103102136 0.0017479178274917206 0.0017367149490053577 0.0012597729967054926 0.5385340324112285 0.001431996326941851 0.0011683871106254046 0.0027719981724889037 0.0014443225482353042 0.0015580854868777409 0.001708272750181812 0.0013911025547268024 0.02406463683348409 0.0018557590379086515 0.006984710059312799 9.12354441298045E-4 
Id dokumentu: 3200 Wagi kolejnych topicow: 0.024198471845937472 0.005066691704758375 0.0021761077051400857 0.05623540378698289 0.24141304266912014 0.0018553768957175493 0.5343233961391545 0.001828338662340962 0.0029681665592362918 0.0019342987213415296 0.004992937959391618 0.0045590531645556915 0.0017914326088352126 0.01601166010416663 0.0020169364996309863 0.05034757023452924 0.008871647745378556 0.03557779429075281 0.001219246234626901 0.002612426468402325 
Id dokumentu: 2970 Wagi kolejnych topicow: 0.009045044108193257 0.011835780545297938 0.009156195429186435 0.010140319107209101 0.14585483932574617 0.002511181380691864 0.014360588621516512 0.04040963607680259 0.028078702722926382 0.3523747699085204 0.004766618399729545 0.025340878267613144 0.2025935510458902 0.004997562063860217 0.09942591233723354 0.004960239764898273 0.006871475304963632 0.004913320576297018 0.01877303999091347 0.003590345022510205 
Id dokumentu: 2990 Wagi kolejnych topicow: 0.001409872407410372 0.01844525549368457 0.0019533405782754367 0.005659664550869088 0.013947203346989425 0.004937354373884837 0.0026743872643847787 0.0019979963319624126 0.0036747113827912325 0.003191785131800159 0.0025683538949224437 0.002079224577651692 0.0015562591101407062 0.00352342556953036 0.9222522440820917 0.002877940950919119 0.0020520597471072304 0.002644464259460346 0.001119426777012914 0.0014350301691111072 
Id dokumentu: 1260 Wagi kolejnych topicow: 0.011636724347629718 0.023293970418012844 0.006148974434369227 0.0020088140581968365 0.004377712017066931 0.0021043133259918494 0.004469913259924187 0.007465832346221024 0.019086357075257146 0.003153430521213543 0.004062194823281253 0.05361092275645863 0.768131080926009 0.019494068177086533 0.015870026304043255 0.03223468574193576 0.0025735479285972744 0.0035579732827921984 0.010551348842482362 0.006168109413430344 
Id dokumentu: 180 Wagi kolejnych topicow: 0.0085757765036563 0.2266460081561623 0.1517009149524701 0.005900094209939623 0.010657581897771478 0.00950816447643883 0.006828023934292338 0.005653763475715483 0.010943211843799887 0.004727887163716145 0.006525502348763367 0.0903207696736919 0.007852650810966238 0.048270817153959145 0.025664239304712153 0.004897572478216159 0.008123572286461751 0.028876154689134896 0.3320875180013419 0.006239776638790072 
Id dokumentu: 3420 Wagi kolejnych topicow: 0.013674557050571516 0.026221691682219998 0.2852302830838177 0.007841532566286795 0.014243548811648046 0.009785475509235855 0.005988275025142184 0.008021053711022358 0.01353818959612295 0.011697780417821874 0.02545431407973922 0.011532225576725728 0.008201257462533171 0.0038924368663814123 0.40868856519413466 0.006901289405613591 0.03469720206383686 0.06699868666442706 0.008240187161257477 0.029151448071461597 
